0.1	96394	96372	96369	96373	96367	96368	96363	96370	96349	96370
0.2	96369	96365	96382	96379	96354	96369	96367	96370	96375	96370
0.3	96372	96372	96352	96377	96366	96354	96328	96370	96360	96369
0.4	96366	96366	96377	96372	96365	96390	96358	96370	96359	96370
0.5	96374	96375	96363	96363	96372	96367	96338	96370	96367	96370
0.6	96361	96354	96371	96374	96356	96371	96390	96370	96359	96369
0.7	96382	96365	96374	96382	96354	96346	96361	96370	96380	96370
0.8	96378	96382	96352	96366	96373	96365	96357	96370	96362	96370
0.9	96365	96346	96379	96378	96371	96373	96375	96370	96366	96370
1	96392	96376	96351	96373	96364	96353	96354	96370	96342	96370
1.1	96319	96294	96286	96249	96308	96307	96302	96334	96316	96347
1.2	93793	93074	92023	92106	94013	93803	93744	93313	94555	93816
1.3	86754	84338	79509	80143	87206	86048	85744	83648	89355	85552
1.4	80169	76376	69093	69775	80819	79230	78706	74739	84294	78244
1.5	74362	69433	59979	60696	75172	72998	72302	67140	79722	71720
1.6	68980	63086	52103	52853	69936	67256	66448	60291	75414	65772
1.7	63994	57259	45568	45963	65099	61979	61054	54112	71313	60339
1.8	59421	51993	39443	39976	60554	57316	56043	48609	67441	55203
1.9	55313	47278	34584	34833	56488	52679	51587	43761	63827	51011
2	51366	42640	30037	30227	52543	48495	47326	39267	60328	46869
2.1	47943	39020	26738	26412	48999	44760	43529	35343	56847	43195
2.2	44728	35494	23847	23128	45677	41236	39952	31775	53973	39804
2.3	41839	32374	21445	20468	42360	38051	36708	28886	51034	36719
2.4	39258	29527	19631	18282	39659	35006	33657	25826	48208	33851
2.5	36959	27164	18462	16659	37045	32355	30951	23415	45836	31359
2.6	34967	25075	18583	15270	34614	30023	28713	21264	43136	29028
2.7	33223	23312	16945	14677	32351	27538	26201	19413	40802	26722
2.8	31723	21843	16544	14086	30230	25496	24117	17819	38553	25066
2.9	30436	20698	16177	13731	28299	23582	22258	16000	36447	23361
3	29482	19837	16065	13504	26545	21875	20609	15308	34492	21816
3.1	28599	19162	15843	13306	24919	20370	19066	14377	32614	20457
3.2	27889	18640	15707	13190	23465	18990	17690	13618	30624	19232
3.3	27320	18276	15720	13095	22101	17727	16561	13009	29185	18146
3.4	26880	17945	15566	13062	20880	16658	15497	12535	27598	17180
3.5	26526	17714	15554	13039	19776	15692	14170	12172	26145	16350
3.6	26241	17547	15540	12992	18805	14896	13621	11904	24718	15603
3.7	26018	17395	15463	12972	17930	14173	13135	11693	23428	14962
3.8	25799	17312	15524	12960	17149	13516	12608	11590	22187	14405
3.9	25652	17190	15424	12963	16903	13077	12182	11483	21023	14162
4	25555	17135	15441	12930	15433	12650	11846	11406	19959	13291
4.1	25422	17121	15495	12959	15335	12312	11516	11344	18957	13207
4.2	25327	17034	15429	12938	14896	12048	11261	11315	18468	12879
4.3	25304	17027	15410	12943	14512	11879	11077	11285	17144	12651
4.4	25202	17010	15466	12935	14188	11679	10929	11257	16355	12440
4.5	25187	16987	15394	12923	13932	11587	10879	11242	15578	12262
4.6	25160	16987	15400	12907	13682	11442	10775	11219	14927	12117
4.7	25095	16930	15453	12905	13499	11376	10692	11218	14311	12001
4.8	25079	16938	15368	12908	13355	11366	10639	11202	13721	11896
4.9	25082	16929	15414	12896	13236	11312	10620	11203	13209	11826
5	25047	16922	15432	12896	13135	11223	10573	11203	12724	11783
5.1	25037	16939	15396	12897	13034	11225	10569	11196	12326	11692
5.2	25043	16907	15393	12890	12967	11218	10522	11188	11944	11674
5.3	25024	16925	15419	12871	12919	11179	10525	11182	11620	11632
5.4	24982	16917	15415	12881	12871	11205	10493	11197	11322	11600
5.5	25011	16924	15352	12874	12833	11134	10485	11193	11044	11566
5.6	24985	16936	15447	12865	12776	11152	10493	11189	10853	11561
5.7	25000	16890	15436	12867	12766	11162	10487	11194	10664	11531
5.8	24961	16919	15370	12856	12742	11147	10469	11185	10490	11525
5.9	24960	16905	15361	12868	12725	11130	10505	11186	10379	11498
6	24956	16913	15448	12861	12713	11151	10451	11200	10287	11507
6.1	24956	16905	15393	12859	12685	11138	10465	11195	10172	11485
6.2	24963	16897	15372	12845	12688	11153	10465	11194	10119	11503
6.3	24946	16900	15447	12853	12686	11175	10451	11185	10039	11478
6.4	24935	16897	15350	12867	12676	11127	10464	11172	9980	11481
6.5	24950	16900	15389	12863	12668	11122	10447	11176	10002	11460
6.6	24951	16881	15412	12849	12652	11144	10504	11177	9914	11480
6.7	24954	16896	15334	12846	12654	11144	10483	11183	9928	11453
6.8	24971	16890	15377	12828	12657	11125	10421	11182	9895	11471
6.9	24957	16892	15395	12832	12657	11175	10469	11175	9892	11461
7	24950	16900	15383	12836	12652	11176	10415	11170	9904	11462
7.1	24915	16886	15353	12826	12630	11144	10461	11200	9846	11446
7.2	24919	16906	15425	12817	12642	11151	10499	11193	9879	11458
7.3	24935	16894	15404	12824	12641	11163	10414	11191	9856	11454
7.4	24952	16891	15335	12828	12633	11116	10457	11196	9854	11460
7.5	24926	16881	15392	12847	12625	11110	10415	11188	9868	11449
7.6	24935	16896	15422	12850	12618	11141	10464	11188	9816	11474
7.7	24951	16902	15345	12849	12622	11143	10494	11194	9842	11438
7.8	24927	16898	15384	12851	12624	11113	10399	11201	9843	11458
7.9	24947	16898	15435	12854	12623	11141	10479	11195	9821	11450
8	24950	16877	15362	12834	12615	11071	10416	11187	9856	11463
8.1	24992	16892	15362	12842	12612	11078	10426	11177	9814	11439
8.2	24977	16885	15434	12841	12609	11092	10459	11199	9833	11455
8.3	24944	16873	15416	12836	12611	11121	10463	11199	9829	11433
8.4	24953	16891	15384	12843	12612	11072	10423	11207	9822	11441
8.5	24946	16876	15344	12854	12599	11109	10424	11196	9853	11412
8.6	24958	16892	15411	12860	12604	11081	10422	11202	9788	11449
8.7	24949	16864	15442	12844	12600	11069	10464	11202	9824	11435
8.8	24941	16876	15410	12836	12597	11064	10464	11199	9820	11446
8.9	24969	16850	15329	12831	12604	11099	10424	11198	9828	11439
9	24933	16875	15364	12829	12594	11072	10445	11192	9834	11467
9.1	24958	16857	15398	12838	12606	11109	10401	11192	9829	11434
9.2	24957	16856	15417	12835	12592	11118	10393	11199	9799	11453
9.3	24936	16875	15398	12838	12592	11083	10464	11205	9821	11450
9.4	24936	16857	15331	12839	12588	11073	10418	11191	9813	11456
9.5	24919	16882	15387	12832	12590	11101	10458	11180	9783	11434
9.6	24951	16867	15417	12831	12600	11065	10417	11187	9827	11453
9.7	24923	16877	15340	12837	12587	11078	10400	11192	9796	11437
9.8	24910	16880	15314	12840	12582	11122	10392	11190	9803	11450
9.9	24941	16877	15377	12824	12583	11135	10412	11187	9818	11433
10	24931	16878	15373	12822	12585	11089	10418	11175	9790	11446
10.1	24960	16875	15359	12811	12593	11110	10406	11171	9818	11433
10.2	24960	16873	15323	12819	12588	11101	10463	11183	9811	11458
10.3	24925	16868	15350	12818	12586	11053	10393	11179	9792	11451
10.4	24949	16881	15417	12803	12597	11087	10397	11195	9783	11440
10.5	24947	16854	15323	12799	12598	11125	10381	11180	9820	11448
10.6	24928	16883	15314	12796	12604	11099	10452	11172	9778	11456
10.7	24948	16867	15382	12800	12606	11117	10462	11194	9796	11444
10.8	24929	16870	15393	12799	12601	11142	10486	11198	9806	11460
10.9	24884	16859	15312	12798	12597	11110	10468	11202	9807	11438
11	24900	16876	15347	12810	12595	11094	10463	11200	9813	11467
11.1	24899	16855	15406	12810	12602	11111	10406	11193	9800	11443
11.2	24927	16858	15362	12802	12596	11124	10396	11209	9787	11468
11.3	24913	16863	15345	12807	12607	11092	10497	11206	9808	11452
11.4	24911	16851	15381	12797	12611	11151	10419	11217	9793	11461
11.5	24906	16862	15411	12810	12602	11131	10456	11195	9769	11469
11.6	24873	16846	15322	12821	12591	11116	10437	11188	9822	11465
11.7	24910	16879	15380	12837	12606	11120	10372	11187	9803	11466
11.8	24899	16861	15434	12822	12596	11137	10441	11189	9791	11472
11.9	24899	16871	15362	12821	12613	11097	10391	11192	9805	11446
12	24891	16837	15353	12824	12610	11138	10454	11173	9791	11447
12.1	24872	16874	15410	12827	12603	11148	10456	11151	9809	11464
12.2	24911	16843	15399	12829	12623	11152	10452	11165	9802	11446
12.3	24921	16843	15324	12828	12616	11119	10411	11153	9788	11459
12.4	24898	16855	15419	12836	12624	11157	10418	11161	9780	11444
12.5	24903	16857	15387	12819	12611	11100	10381	11160	9813	11455
12.6	24885	16877	15351	12814	12609	11100	10416	11164	9780	11446
12.7	24914	16855	15365	12815	12587	11117	10441	11169	9791	11459
12.8	24935	16863	15398	12819	12597	11140	10401	11173	9793	11448
12.9	24904	16861	15405	12804	12593	11095	10448	11175	9796	11456
13	24906	16875	15340	12787	12597	11134	10448	11173	9791	11431
13.1	24903	16855	15409	12769	12615	11114	10389	11185	9802	11460
13.2	24891	16859	15417	12785	12602	11093	10420	11189	9811	11436
13.3	24899	16856	15344	12792	12614	11067	10486	11204	9815	11462
13.4	24853	16846	15423	12790	12602	11103	10433	11202	9828	11442
13.5	24860	16859	15408	12764	12604	11056	10392	11193	9791	11443
13.6	24863	16841	15342	12763	12604	11066	10418	11200	9831	11450
13.7	24897	16866	15384	12771	12600	11083	10361	11190	9820	11444
13.8	24880	16854	15424	12817	12617	11122	10401	11192	9783	11454
13.9	24861	16858	15349	12810	12617	11084	10467	11172	9792	11457
14	24864	16851	15404	12815	12610	11119	10432	11169	9819	11458
14.1	24844	16874	15412	12822	12604	11133	10405	11174	9784	11446
14.2	24874	16869	15358	12819	12617	11129	10422	11171	9797	11458
14.3	24889	16869	15362	12827	12618	11106	10377	11177	9802	11445
14.4	24862	16855	15390	12836	12621	11155	10437	11175	9798	11460
14.5	24901	16869	15417	12824	12609	11113	10414	11193	9783	11443
14.6	24873	16855	15330	12800	12612	11119	10426	11192	9808	11460
14.7	24878	16857	15342	12817	12599	11115	10466	11205	9790	11450
14.8	24868	16861	15406	12821	12601	11147	10468	11191	9796	11450
14.9	24866	16864	15401	12823	12606	11093	10431	11186	9799	11436
15	24874	16873	15332	12829	12599	11132	10468	11200	9768	11470
15.1	24864	16856	15338	12833	12604	11155	10429	11192	9799	11444
15.2	24881	16882	15409	12824	12612	11157	10389	11184	9796	11459
15.3	24860	16868	15380	12822	12591	11140	10453	11176	9780	11440
15.4	24897	16865	15361	12830	12597	11199	10339	11189	9796	11457
15.5	24880	16862	15327	12835	12596	11169	10416	11182	9820	11431
15.6	24915	16889	15413	12827	12588	11154	10431	11177	9788	11451
15.7	24884	16878	15397	12826	12600	11174	10421	11176	9774	11445
15.8	24863	16876	15325	12839	12590	11200	10386	11167	9801	11457
15.9	24897	16871	15311	12831	12600	11142	10466	11180	9769	11447
16	24890	16890	15392	12823	12590	11133	10425	11189	9762	11466
16.1	24883	16859	15392	12823	12592	11163	10425	11191	9774	11441
16.2	24872	16873	15320	12837	12589	11168	10397	11196	9770	11459
16.3	24880	16881	15325	12821	12597	11137	10430	11184	9763	11455
16.4	24869	16872	15352	12833	12587	11183	10433	11197	9774	11434
16.5	24864	16874	15421	12857	12588	11188	10403	11205	9757	11425
16.6	24882	16870	15381	12843	12587	11172	10386	11193	9784	11442
16.7	24866	16872	15336	12822	12589	11168	10357	11191	9779	11425
16.8	24873	16873	15310	12844	12583	11199	10405	11192	9760	11423
16.9	24856	16869	15386	12837	12584	11143	10396	11205	9770	11438
17	24865	16870	15374	12840	12597	11125	10394	11196	9821	11440
17.1	24834	16877	15386	12847	12598	11141	10410	11178	9760	11442
17.2	24892	16860	15322	12861	12592	11140	10489	11202	9793	11437
17.3	24872	16876	15296	12854	12594	11099	10364	11193	9795	11457
17.4	24858	16875	15363	12875	12588	11128	10385	11200	9787	11458
17.5	24874	16875	15415	12850	12573	11160	10444	11181	9794	11471
17.6	24865	16848	15380	12839	12581	11109	10415	11187	9804	11453
17.7	24861	16879	15326	12842	12574	11112	10431	11185	9781	11472
17.8	24891	16869	15368	12836	12579	11144	10440	11196	9779	11458
17.9	24868	16864	15380	12850	12579	11159	10438	11186	9793	11476
18	24891	16849	15403	12828	12591	11119	10424	11190	9798	11470
18.1	24898	16870	15326	12816	12581	11151	10441	11199	9766	11482
18.2	24874	16852	15345	12822	12576	11165	10403	11211	9806	11565
18.3	24876	16866	15418	12805	12575	11143	10351	11194	10325	13552
18.4	24887	16863	15426	12788	12581	11119	10369	11183	11086	15462
18.5	24886	16864	15371	12792	12586	11167	10327	11452	11957	17344
18.6	24883	16854	15363	12804	12593	11129	10413	11388	12693	18676
18.7	24868	16854	15381	12799	12608	11118	10426	11423	13250	19449
18.8	24894	16858	15385	12815	12600	11095	10414	11907	14240	20316
18.9	24899	16873	15452	12817	12614	11148	10449	12277	15186	20818
19	24900	16853	15377	12815	12609	11088	10421	12579	15718	21073
19.1	24864	16843	15324	12820	12604	11112	10419	12951	16576	21267
19.2	24920	16852	15317	12798	12604	11108	10465	13364	17045	21412
19.3	24905	16866	15336	12799	12604	11126	10463	12980	17738	21281
19.4	24892	16861	15370	12825	12610	11072	10443	12641	18242	21137
19.5	24909	16852	15400	12812	12594	11082	10428	12755	18697	21148
19.6	24923	16875	15389	12816	12593	11096	10395	12639	19270	21208
19.7	24927	16870	15404	12804	12601	11085	10364	12324	19652	21121
19.8	24875	16865	15365	12803	12599	11059	10413	13100	19989	21381
19.9	24932	16866	15336	12778	12595	11101	10410	14762	20632	21864
20	24907	16872	15306	12779	12598	11116	10393	15948	21179	22132
20.1	24910	16853	15314	12808	12587	11109	10402	17470	21554	22281
20.2	24892	16854	15305	12809	12591	11131	10419	18308	21782	22253
20.3	24886	16861	15330	12805	12598	11158	10349	18268	21909	22150
20.4	24909	16862	15336	12793	12590	11175	10403	18193	21997	22162
20.5	24909	16861	15382	12790	12585	11134	10418	18448	22075	22235
20.6	24886	16849	15402	12795	12604	11162	10412	18736	22176	22291
20.7	24904	16845	15398	12812	12587	11148	10508	19319	22252	22389
20.8	24881	16850	15364	12806	12588	11179	10502	20199	22401	22511
20.9	24926	16848	15410	12818	12582	11121	10441	20897	22556	22611
21	24899	16848	15362	12821	12586	11155	10540	21248	22655	22692
21.1	24927	16876	15339	12818	12580	11176	10491	21477	22732	22735
21.2	24917	16867	15336	12831	12588	11186	10410	21599	22817	22783
21.3	24898	16863	15362	12831	12581	11178	10488	21856	22884	22850
21.4	24905	16867	15314	12827	12579	11190	10543	22052	22927	22919
21.5	24899	16864	15324	12832	12578	11233	10481	22300	23012	22988
21.6	24919	16831	15356	12823	12595	11210	10556	22304	23076	23037
21.7	24890	16850	15353	12828	12593	11194	10636	22523	23180	23164
21.8	24914	16857	15319	12823	12591	11145	10855	22633	23297	23338
21.9	24884	16846	15356	12832	12582	11164	11057	22809	23403	23461
22	24901	16834	15362	12835	12591	11178	10985	22784	23501	23504
22.1	24875	16851	15355	12839	12585	11137	10905	22561	23432	23421
22.2	24911	16849	15362	12833	12596	11138	11154	23018	23622	23680
22.3	24910	16866	15351	12836	12587	11145	11654	23272	23779	23866
22.4	24905	16848	15419	12837	12596	11215	11965	23501	23928	24102
22.5	24905	16852	15377	12828	12592	11267	12313	23497	23963	24254
22.6	24947	16839	15425	12832	12587	11240	12563	23391	23947	24103
22.7	24920	16855	15425	12826	12594	11239	12676	23434	23939	24072
22.8	24907	16854	15432	12846	12584	11245	13311	23637	24076	24333
22.9	24911	16845	15401	12832	12582	11230	14745	23810	24198	24514
23	24896	16825	15429	12816	12601	11218	14902	23859	24284	24657
23.1	24937	16862	15410	12813	12601	11209	15156	23932	24331	24698
23.2	24879	16864	15368	12801	12595	11183	15026	23881	24329	24586
23.3	24908	16871	15345	12808	12607	11173	15473	23895	24341	24585
23.4	24845	16857	15363	12808	12613	11146	15997	23987	24396	24750
23.5	24885	16867	15311	12819	12621	11174	16784	24076	24491	25009
23.6	24890	16840	15351	12806	12610	11220	17234	24002	24468	24934
23.7	24901	16856	15384	12797	12600	11316	18158	24082	24550	25236
23.8	24886	16856	15421	12826	12602	11453	19063	24160	24685	25602
23.9	24894	16866	15394	12829	12605	11518	19727	24252	24760	25746
24	24878	16854	15461	12813	12607	11808	20242	24313	24856	25895
24.1	24878	16855	15427	12841	12586	12223	20566	24318	24909	26057
24.2	24879	16854	15420	12808	12600	12912	21082	24393	25008	26293
24.3	24907	16864	15380	12827	12609	13246	21268	24440	25013	26316
24.4	24874	16850	15367	12846	12614	13468	21230	24319	25016	26306
24.5	24886	16874	15318	12835	12609	13722	21397	24363	25043	26412
24.6	24885	16855	15324	12827	12603	14160	21550	24452	25153	26597
24.7	24912	16852	15309	12822	12606	14629	21494	24399	25153	26586
24.8	24896	16853	15338	12822	12616	15183	21644	24523	25243	26733
24.9	24898	16858	15292	12833	12610	15449	21617	24507	25232	26726
25	24901	16839	15319	12832	12609	15774	21644	24533	25313	26838
25.1	24911	16861	15345	12812	12625	16320	21790	24515	25315	26942
25.2	24886	16871	15386	12815	12616	16690	21890	24554	25360	26977
25.3	24911	16866	15377	12818	12611	17762	21766	24526	25362	27012
25.4	24887	16861	15410	12829	12611	17643	21792	24495	25429	27085
25.5	24888	16872	15397	12824	12614	18119	21830	24504	25453	27385
25.6	24894	16844	15390	12805	12623	18639	21870	24519	25481	27439
25.7	24923	16867	15384	12814	12620	18930	21829	24534	25467	27437
25.8	24913	16865	15418	12812	12619	19474	21960	24477	25485	27234
25.9	24937	16867	15390	12817	12604	19851	21899	24470	25497	27290
26	24923	16856	15364	12817	12609	19859	21904	24541	25547	26869
26.1	24941	16884	15357	12821	12607	19950	21857	24534	25558	27363
26.2	24906	16869	15346	12810	12613	20034	21848	24557	25599	27602
26.3	24917	16860	15347	12801	12618	20523	21958	24599	25706	27982
26.4	24900	16855	15332	12818	12615	20597	22025	24573	25723	28026
26.5	24936	16850	15349	12808	12611	20989	22070	24608	25796	27419
26.6	24891	16859	15339	12795	12625	21025	22117	24620	25782	27152
26.7	24920	16859	15333	12801	12622	21200	22154	24678	25869	27973
26.8	24910	16868	15336	12797	12616	21593	22199	24681	25942	27885
26.9	24918	16859	15388	12808	12612	21710	22190	24669	26018	27932
27	24921	16872	15337	12809	12618	21729	22179	24614	25979	27889
27.1	24957	16846	15378	12813	12599	21790	22165	24574	25991	27907
27.2	24916	16844	15418	12790	12586	22038	22257	24705	26112	28064
27.3	24931	16838	15435	12817	12591	22154	22318	24772	26230	28212
27.4	24912	16840	15387	12815	12622	22388	22409	24850	26371	28332
27.5	24912	16830	15433	12813	12623	22324	22396	24828	26424	28398
27.6	24906	16862	15420	12811	12613	22391	22439	24839	26539	28530
27.7	24934	16850	15373	12812	12617	22457	22470	24923	26584	28640
27.8	24928	16837	15338	12824	12638	22602	22647	25130	26803	28776
27.9	24927	16838	15371	12836	12635	22741	22670	25196	26957	28914
28	24932	16837	15368	12820	12633	22752	22687	25147	26997	28879
28.1	24939	16846	15429	12822	12640	22666	22624	25096	26954	28834
28.2	24976	16827	15428	12828	12707	22765	22730	25180	27035	28936
28.3	24905	16846	15431	12826	12685	22822	22673	25148	27041	28894
28.4	24960	16826	15396	12832	12705	22984	22896	25389	27234	29099
28.5	24946	16840	15399	12826	12709	22940	22841	25355	27321	29143
28.6	24952	16816	15344	12821	12712	23021	22847	25367	27346	29168
28.7	24952	16824	15353	12848	12833	23197	22980	25638	27556	29366
28.8	24959	16848	15357	12832	12909	23330	23132	25788	27757	29608
28.9	24903	16851	15391	12850	12878	23284	23142	25804	27845	29645
29	24944	16854	15344	12825	12923	23303	23190	25809	27871	29638
29.1	24968	16826	15361	12844	12953	23342	23202	25821	27898	29685
29.2	24937	16849	15387	12839	13034	23422	23296	25918	28005	29787
29.3	24939	16841	15412	12839	13124	23527	23322	25985	28108	29844
29.4	24960	16847	15398	12819	13280	23491	23362	26043	28166	29902
29.5	24933	16852	15413	12843	13477	23576	23435	26158	28290	30034
29.6	24943	16860	15431	12830	13807	23765	23500	26312	28444	30189
29.7	24928	16847	15423	12835	13902	23832	23457	26310	28484	30178
29.8	24936	16841	15392	12831	13972	23874	23479	26312	28466	30131
29.9	24934	16849	15393	12834	14000	23838	23490	26223	28456	30057
30	24937	16841	15430	12853	14315	23927	23546	26310	28554	30153
